1394.12805529294
1394.12805529294
1394.12805529294
1394.12805529294
1394.12805529294
1394.12805529294
1394.12805529294
1394.12805529294
1394.12805529294
1394.12805529294
1394.12805529294
1394.12805529294
1394.12805529294
1394.12805529294
1394.12805529294
1394.12805529294
1394.12805529294
1394.12805529294
1394.12805529294
1394.12805529294
1394.12805529294
1394.12805529294
1394.12805529294
1394.12805529294
1394.12805529294
1394.12805529294
1394.12805529294
1394.12805529294
1394.12805529294
1394.12805529294
1394.12805529294
1394.12805529294
1394.12805529294
1394.12805529294
1394.12805529294
1394.12805529294
1394.12805529294
1394.12805529294
1394.12805529294
1394.12805529294
1394.12805529294
3110.51945711322
7216.15530707197
14168.564510418
25895.8307496303
43404.9769380366
66493.4257634993
95460.7409436249
128900.939332866
165534.748803398
204169.551215847
240271.459122619
275224.716683223
304456.970099548
324619.26817363
339890.96296129
347228.926503052
349042.074777593
348540.96914544
348702.787011312
347917.479304353
347175.62247508
347418.356579467
346964.968793329
348914.775893247
347433.231527681
343689.130505573
333888.725192003
320369.230242235
298017.656071189
271574.684246238
241074.978689749
207853.940235293
176730.001482371
144661.395988111
114074.412268999
84959.6890038345
59097.8342152804
37644.3359295893
22230.5351953574
11961.4453502656
6030.19429028547
2610.32167223197
1394.12805529294
1394.12805529294
1394.12805529294
1394.12805529294
1394.12805529294
1394.12805529294
1394.12805529294
1394.12805529294
1394.12805529294
1394.12805529294
1394.12805529294
1394.12805529294
1394.12805529294
1394.12805529294
1394.12805529294
1394.12805529294
1394.12805529294
1394.12805529294
1394.12805529294
1394.12805529294
1394.12805529294
1394.12805529294
1394.12805529294
1394.12805529294
1394.12805529294
1394.12805529294
1394.12805529294
1394.12805529294
1394.12805529294
1394.12805529294
1394.12805529294
1394.12805529294
1394.12805529294
1394.12805529294
1394.12805529294
1394.12805529294
1394.12805529294
1394.12805529294
1394.12805529294
1394.12805529294
1394.12805529294
1394.12805529294
1394.12805529294
1394.12805529294
1394.12805529294
1394.12805529294
1394.12805529294
1394.12805529294
1394.12805529294
1394.12805529294
1394.12805529294
1394.12805529294
1394.12805529294
1394.12805529294
1394.12805529294
1394.12805529294
1394.12805529294
1394.12805529294
1394.12805529294
1394.12805529294
1394.12805529294
1394.12805529294
1394.12805529294
1394.12805529294
1394.12805529294
1394.12805529294
1394.12805529294
1394.12805529294
1394.12805529294
1394.12805529294
1394.12805529294
1394.12805529294
1394.12805529294
1394.12805529294
1394.12805529294
1394.12805529294
1394.12805529294
1394.12805529294
1394.12805529294
1394.12805529294
1484.891520059
2832.21078873856
5031.58180683093
8268.37981976898
12995.0123369009
18578.3008798033
26296.0083540361
34777.1858812628
44902.3368210805
54855.8677866283
65287.5516594828
74443.3517160975
82565.622862716
89202.2161381425
94356.9685174126
97943.1260605001
101024.319869284
102221.602063525
103454.192983715
102234.428716716
101279.95539853
97659.88035093
93915.3929100195
87759.898121051
79334.4122655306
70976.8224452222
61427.6932634585
51710.2157316605
42177.8436960922
33654.6423049092
25617.0539819104
18706.259467872
13122.6796357639
8508.82879625969
5089.58878872794
2707.21145225323
1394.12805529294
1394.12805529294
1394.12805529294
1394.12805529294
1394.12805529294
1394.12805529294
1394.12805529294
1394.12805529294
1394.12805529294
1394.12805529294
1394.12805529294
1394.12805529294
1394.12805529294
1394.12805529294
1394.12805529294
1394.12805529294
1394.12805529294
1394.12805529294
1394.12805529294
1394.12805529294
1394.12805529294
1394.12805529294
1394.12805529294
1394.12805529294
1394.12805529294
1394.12805529294
1394.12805529294
1394.12805529294
1394.12805529294
1394.12805529294
1394.12805529294
1394.12805529294
1394.12805529294
1394.12805529294
1394.12805529294
1394.12805529294
1394.12805529294
1394.12805529294
1394.12805529294
1394.12805529294
1394.12805529294
1394.12805529294
1394.12805529294
1394.12805529294
1394.12805529294
1394.12805529294
1394.12805529294
1394.12805529294
1394.12805529294
1394.12805529294
1394.12805529294
1394.12805529294
1394.12805529294
1394.12805529294
1394.12805529294
1394.12805529294
1394.12805529294
1394.12805529294
1394.12805529294
1394.12805529294
1394.12805529294
1394.12805529294
1394.12805529294
1394.12805529294
1394.12805529294
1394.12805529294
1394.12805529294
1394.12805529294
1394.12805529294
1394.12805529294
1394.12805529294
1394.12805529294
1394.12805529294
1394.12805529294
1394.12805529294
1394.12805529294
1394.12805529294
1394.12805529294
3241.61246296834
8686.11738668699
21366.6378718637
50696.0792429356
108626.856708302
217652.032304562
408249.656941231
709529.964688484
1154791.98508598
1769730.2685275
2566951.3922301
3555484.10268357
4730324.11786907
6048106.45767116
7437248.92776026
8812071.2403138
10074515.6415429
11183965.6882627
12080676.6488634
12784684.5519096
13288446.199065
13639645.1997065
13852613.9182624
13944673.0666005
13892067.1539166
13700512.2701127
13318036.4940939
12691853.4208052
11861717.1529243
10807550.6910411
9583435.59120909
8276747.7550791
6964451.2633947
5711717.89772589
4559449.63306997
3524577.18073308
2603177.25661816
1821863.60656182
1188893.55355771
718537.583004679
399258.2115202
203838.202756414
95320.8566101426
40764.3731002254
15961.5078958885
5827.46504076031
1866.1164313216
1394.12805529294
1394.12805529294
1394.12805529294
1394.12805529294
1394.12805529294
1394.12805529294
1394.12805529294
1394.12805529294
1394.12805529294
1394.12805529294
1394.12805529294
1394.12805529294
1394.12805529294
1394.12805529294
1394.12805529294
1394.12805529294
1394.12805529294
1394.12805529294
1394.12805529294
1394.12805529294
1394.12805529294
1394.12805529294
1394.12805529294
1394.12805529294
1394.12805529294
1394.12805529294
1394.12805529294
1394.12805529294
1394.12805529294
1394.12805529294
1394.12805529294
1394.12805529294
1394.12805529294
