1.30820536058922e+17
2.31155149371233e+17
1.56129461623956e+17
1.80239688781187e+17
2.39869147457508e+17
1.3557724323462e+17
1.57967241271916e+17
1.57587355755062e+17
7.13137667006101e+16
1.07330560536924e+17
8.17561821900993e+16
3.01323113172257e+16
6.18653866289041e+16
3.88656265613068e+16
1.16289790029969e+16
3.40842487038589e+16
1.86378374022037e+16
5.17492706116991e+15
1.84247004163874e+16
9.7568879875658e+15
2.66606500493068e+15
1.05994709499259e+16
5.53669955996712e+15
1.50401860559169e+15
5.58214384022089e+15
3.40863317618714e+15
900594893444512
126181973058749
292577040936416
96275938723277
