1699.84649248471
5797.86782638674
7141.39405465363
2725.77992357665
1007.78331991382
4134.28532309855
1370.81071926374
1083.21479005922
11313.1806638693
8755.6361085806
4267.69726417182
9594.97731916236
2293.38141893736
197.780921075678
2261.98046844801
642.403531268932
104.879218126186
5073.93929148366
5854.40051093397
20858.3952299012
25132.1791481619
47410.156160568
95977.4880935053
143953.043173864
231500.886682032
299022.722055053
379342.908721007
443688.179246641
575731.496364186
599981.677138864
848526.206697026
776851.420441624
908039.64596858
1074357.20448763
878071.723535604
1681212.90439791
1648197.49349651
1533302.76311304
2178071.13668972
1653793.00931801
2032172.0882396
2235931.58407985
2395794.4916368
2466108.08587144
2315235.64574272
2495776.314751
2462895.68936066
2686150.47785558
2635119.14683186
2592359.59764981
2076297.6164322
2051158.4620166
1769682.61495499
1677193.41729315
1640412.51918937
1861190.93717976
1333240.64630201
1278195.30046662
1151685.91090556
1110311.44296657
779018.082264929
777108.889333656
672741.227172284
630639.402650355
522541.858645847
360932.590185092
252423.490436493
199298.780413132
121795.703371583
127536.997204602
50032.9304827563
24571.0433333695
15612.3380966625
3809.33142543762
2044.14078233435
4140.96474804729
4491.98894006848
1545.82406001383
559.175148446638
619.822247196329
4487.18027170939
921.850414363782
625.383998155365
5019.54560863053
2543.33682244103
2202.39341920882
2640.14960912927
770.510779004674
681.845723762789
3685.84124257128
3629.27797000237
331.563722345881
2283.42201533285
8174.08748620909
2108.38952966239
592.251156231902
260.807941014846
6111.29448895737
1387.80115466132
5673.91664731343
2656.86572891195
2807.53296851133
316.445694409313
1721.5363428783
959.769734908914
1895.04924277006
1585.13754606435
3012.36462450407
8720.91745727111
18501.1695902217
46827.776416814
125623.303865637
271303.122243219
312706.571746785
501395.097914791
564282.7432832
737648.26228721
588891.307674169
815424.54856778
824095.281158414
1367763.47178022
1296951.80702156
1527045.12886794
1338011.27265584
1582387.19398147
1778671.17486753
2220135.36941918
2113984.7157363
2494064.74849485
1972640.1826976
2544784.98638161
2541187.8984988
2435583.56656545
3149078.03950699
3166653.35000996
3146583.23890558
2739876.7875312
3504374.53058514
2211306.28328146
1924507.49589604
1820666.51393467
1597329.05716852
1203072.47332017
1243199.55724715
1012047.27325475
845981.450490205
692695.147053389
614734.918891324
420424.175612399
457592.149941752
343593.652769065
251542.333088833
191273.039837971
132242.17262047
116884.671052078
75729.7821329451
51358.5673490252
44464.4656839408
26576.5749375871
16720.2285829879
11275.9929713651
4911.13145967483
672.638710504425
10157.6084002496
6099.51412017802
1277.33528493098
3894.55067081845
2719.54791991902
556.148500362643
2502.15488374151
4211.15888913797
7365.92627939653
4581.35297719792
1054.40183729873
1237.27303174621
1427.99442168041
411.897797699336
580.737118456237
1505.36823929622
2725.30029283185
4305.02703233737
1438.58595515387
2683.213379633
1058.75242637581
33477.6483627422
27852.0499455861
44535.2750800378
49708.6996170168
87708.8477466626
78877.8674460076
126168.595302338
129840.920225015
132807.563593798
150769.117623319
51543.6065295304
64441.1225414935
36192.3548106816
41684.5240413295
14507.3741788492
24338.6856199593
6905.79461836982
8140.49234297429
4095.64183366971
3477.44368503547
7905.8892063925
6646.26791344722
21719.4422389885
12548.4129028687
45409.6853377298
37611.8311233508
94919.6351094014
111540.319803761
183682.856587275
208730.513315382
77071.3265407186
92850.4436515782
36828.5024840527
53425.5256769223
19762.8338458783
25154.8045738514
291.403574119565
11943.8909500732
