0.149727465635745
0.0748637328178724
0.0499091552119149
0.217852177032551
0.108926088516275
0.0726173923441835
0.289691552761483
0.144845776380741
0.0965638509204943
0.352065326764299
0.17603266338215
0.117355108921433
0.391042693975456
0.195521346987728
0.130347564658485
0.396952547477012
0.198476273738506
0.132317515825671
0.368270140303323
0.184135070151662
0.122756713434441
0.312253933366761
0.156126966683381
0.104084644455587
0.241970724519143
0.120985362259572
0.0806569081730478
0.171368592047807
0.0856842960239037
0.0571228640159358
