0 0 0 0 0 0 0 0 0 0 0 0 0 0 0 0 0 0 0 0 0 0 0 0 0 0 0 0 0 0
0 0 0 0 0 0 0 0 0 0 0 0 0 0 0 0 0 0 0 0 0 0 0 0 0 0 0 0 0 0
0 0 0 0 0 0 0 0 0 0 0 0 0 0 0 0 0 0 0 0 0 0 0 0 0 0 0 0 0 0
0 0 0 0 0 0 0 0 0 0 0 0 0 0 0 0 0 0 0 0 0 0 0 0 0 0 0 0 0 0
0 0 0 0 0 0 0 0 0 0 0 0 0 0 0 0 0 0 0 0 0 0 0 0 0 0 0 0 0 0
0 0 0 0 0 0 0 0 0 0 0 0 0 0 0 0 0 0 0 0 0 0 0 0 0 0 0 0 0 0
0 0 0 0 0 0 0 0 0 0 0 0 0 0 0 0 0 0 0 0 0 0 0 0 0 0 0 0 0 0
0 0 0 0 0 0 0 0 0 0 0 0 0 0 0 0 0 0 0 0 0 0 0 0 0 0 0 0 0 0
0 0 0 0 0 0 0 0 0 0 0 0 0 0 0 0 0 0 0 0 0 0 0 0 0 0 0 0 0 0
0 0 0 0 0 0 0 0 0 0 0 0 0 0 0 0 0 0 0 0 0 0 0 0 0 0 0 0 0 0
0 0 0 0 0 0 0 0 0 0 0 0 0 0 0 0 0 0 0 0 0 0 0 0 0 0 0 0 0 0
0 0 0 0 0 0 0 0 0 0 0 0 0 0 0 0 0 0 0 0 0 0 0 0 0 0 0 0 0 0
0 0 0 0 0 0 0 0 0 0 0 0 0 0 0 0 0 0 0 0 0 0 0 0 0 0 0 0 0 0
0 0 0 0 0 0 0.92545766382429 0 0 0 0 0 3.32534202306187 0 0 0 0 0 0 0 0 0 0 0 0 0 0 0 0 0
0 0 0 9.99260937384855e-06 0 0 1.35776618110632 0 0 0 0 0 4.88876350885742 0 0 0 0 0 0 0 0 0 0 0 0 0 0 0 0 0
0.719524552332348 0 0 7.87355624274963 0 0 2.03253600785651 0 0 0 0 0 8.15603946296047 0 0 0 0 0 0 0 0 0 0 0 0 0 0 0 0 0
600.488072912489 0 0 415.574885098548 0 0 258.078463950434 0 0 21.39251873447 0 0 63.5933237361783 0 0 0 0 0 0 0 0 0 0 0 0 0 0 0 0 0
711.467745119057 0 0 576.848211914643 0 0 304.097960593985 0 0 30.6842651991525 0 0 84.7235790481156 0 0 0.0135700597539654 0 0 0.000609765880446553 0 0 0 0 0 0 0 0 0 0 0
1854.51015721577 0 0 3485.57446051739 0 0 772.854433688261 0 0 95.274603647847 0 0 255.600356755657 0 0 13.2749739214614 0 0 0.11786074106302 0 0 0 0 0 0 0 0 0 0 0
28696.3567567482 0 0 28648.8985919542 0 0 13988.1358950559 0.147568407773906 0 999.030878239038 0 0 3531.99332588822 0 0 137.943442564418 0 0 0.393819207655094 0 0 0 0 0 0 0 0 0 0 0
35075.7412115775 0 0 47408.7956620376 0 0 14355.4928009912 0.132894963093271 0 3677.16247154777 0 0 4803.79921618868 0 0 244.177644552871 0 0 1.6603425454869 0 0 0.00117304585312886 0 0 0 0 0 0 0 0
88683.3823707007 0 0 82719.0317151786 0.00100422335156683 0 49597.4976138564 0.535739546232811 0 8224.21641366894 0 0 12589.5815236217 0 0 1060.66807409743 0.00146869243041066 0 39.4956668938966 0 0 0.108838811714961 0 0 0.000722854823689351 0 0 0 0 0
99683.9827923801 0.35684090297932 0 120574.412591784 10.5536263554633 0 95586.2546551848 72.8872947273379 0 10467.1899586894 13.0303822471505 0 38931.9888946654 58.0675849722773 0 4125.6360588059 3.41682048857311 0 263.865544267771 0.00186549727885177 0 2.65020910173622 0 0 0.00477347768183337 0 0 0 0 0
98429.8037813811 0.348348660652507 0 143195.829943575 12.8694522548221 0 110851.044064602 74.6339133304591 0 53865.1484354361 20.4781241227846 0 59994.5945155044 61.4917046523569 0 7748.47566065627 4.16927464266827 0 538.937715931244 0.00193119987293943 0 5.13678716291431 0 0 0.0205807008577396 0 0 0 0 0
136469.876607164 1.69254474216427 0 208143.067195244 52.5264880190391 0 260286.980825178 266.801551867277 0 85334.0439934693 62.6134533264322 0 106770.188972473 200.866011474368 0 17591.0340862028 14.089559472627 0 1737.62317060364 0.0399327335144641 0 46.6842311011665 0.000601111968789177 0 0.366232205539409 0 0 0 0 0
135273.346528233 5330.6481807743 0.0111041195440327 228389.730204766 4111.05662986486 7.27241391450028 277397.406059974 3710.11388734433 21.4674120166641 102083.148888735 489.200971363549 6.13977590697713 169985.456157387 1850.14361659303 19.1623792838542 36097.0403183129 190.066842232394 0.409165023955441 5193.37168865043 9.58456072794508 0 268.815848536063 0.218324546426642 0 3.35935292494623 0 0 0 0 0
136851.071344856 7167.09218967779 0.0131609757666543 247314.529234222 6085.92720018478 9.98445691232192 297768.544368245 4725.45595587948 26.7931840891008 203192.429227137 2116.50086071335 15.4898076492228 233636.937678322 2255.38732525317 23.9190481928771 59153.1711826468 285.516516403067 0.534835696953263 10016.2349360918 14.0810326513922 0 551.923383106644 0.379108225533383 0 8.04298862189382 0 0 0 0 0
165366.465214481 23009.5501015166 0.0615857821608115 299049.539099422 17011.0256359858 32.6668237856486 409616.180640781 14941.4258423571 90.650409700843 214534.902095176 4554.75759872918 40.0335288918484 309219.184747693 6455.51558234082 78.0107311073658 92330.0023242215 854.070890411548 1.89250818809339 19879.0029464239 53.583377890709 0.0148203614448443 1793.93999825149 1.5527523117125 0.0007849213437794 51.8719155708371 0.0129187867666817 0 0 0 0
159867.458645645 31603.7059575099 739.41601026277 306205.401978302 36977.702444646 1105.47039506772 414501.67748619 39222.1786117128 1708.2226815021 311461.718158316 5941.33139900568 333.618117336093 393864.197434482 22373.7719500393 1051.48248480896 128671.642406767 4387.15834277045 123.003554995321 35584.5327885663 716.940800441888 13.8447570144294 5324.42659757251 61.6650221417378 0.945153908263632 301.595091820314 0.905348699116649 0 0 0 0
168761.239108967 43523.1596151119 1321.21315661029 327636.731404639 57501.8621738557 2084.72271553255 440972.289804756 60182.4041362055 2794.70338976272 384368.434212716 34110.5041124646 1602.54642400537 426475.630701384 31646.100597039 1567.00740216638 168830.818582827 7519.65180388162 230.042261232014 57991.8848066362 1287.27011387322 25.7333939432763 10093.318511542 114.634006088721 1.77220601302524 629.073128913227 1.61873887021883 0 0 0 0
192915.349714096 82427.9812224342 3844.62531712487 370125.96624988 118571.174249528 5760.28386494295 524251.027596189 142252.350031644 8181.24448870417 376687.728602809 55209.7916144414 3387.77676833503 488933.266117826 70609.9277021348 4632.43407025517 218507.762810884 17535.0624810268 648.249682827437 83670.6022246075 3383.84108547784 77.0415953628166 19888.2830930631 346.6142953192 5.29257352448657 1904.33833860184 8.93667044345264 0.00549665715404235 0 0.0231910331824608 0
184198.432731349 78237.9508697351 11368.3574110437 370169.814940589 126108.036559138 17773.9639831877 517867.83747908 153555.052514393 22598.8400883628 455636.147644979 64034.3594008932 4417.47973748816 553088.907406561 108809.644137129 14786.8333271436 255541.153082802 33230.5223791762 3709.41180820896 106576.860644218 9064.24609666377 860.050375775362 33416.1250252864 1928.78448545603 156.591373398044 5673.82910441506 213.776120987517 11.3055064488494 0 15.0859861099564 1.29866131494954
202629.716213304 102432.335215736 28448.150640222 401570.653521932 164374.984519483 38299.7938143551 564796.468038759 207637.237972478 45503.4942405489 513890.031008819 146988.823133376 28492.0732109986 578839.876692808 146948.770215261 24709.0923251494 293077.087285324 56453.0960085523 7846.96309729782 135901.036816634 17165.9819609838 2046.35337607191 54630.1109904375 4236.60356868053 418.268030217667 11217.9842435271 502.544666968902 32.0719328387061 0 36.7594996949333 3.72873107255345
220126.305240886 123565.836239865 63332.1174463001 433829.984882513 210721.783218037 84898.848322499 624771.525200441 289826.98576851 104355.483536938 509223.922520451 163697.175716239 46055.1419268954 634837.827623838 233996.623603898 59624.8291681873 330061.053797332 93485.3979801616 18245.2622820537 165730.829274002 32799.5666159959 4936.04804255233 80284.8289512737 9499.6048171454 1030.96196058684 21349.6114853992 1307.93854374873 82.4652337297995 0 96.1338677163586 9.32743847954193
208279.350945947 112488.086564023 57009.1675042666 425264.595257163 203986.365968709 84480.8838355975 595113.972500835 270427.812648109 99747.5898520394 580012.144304013 231951.443428382 52311.174911189 665742.177421152 267678.881708915 77797.6599867379 348671.062299131 115193.338110386 29335.2992803283 184854.100147921 46020.7022499959 10082.098671006 99776.4729335801 16592.1617010351 3020.28857115262 34294.8531196511 3659.63296638429 578.639999364863 9.54700077172927 605.750506137355 114.437517578341
237580.817130558 143862.807615525 95006.9832673782 475723.283358976 256120.807649281 135104.014549007 689708.987931916 368901.721693196 182815.719248894 634596.641983745 312977.374372856 129940.316487995 717138.006324113 324771.417462223 124922.599649931 394900.909127559 163414.775004461 58717.1960583577 215085.1098723 75236.0075915752 23044.985055122 123896.407149198 32948.8287402468 8542.52493119858 55654.535169172 8947.24300716569 2035.19320740956 13.8894084068338 2118.26485922337 552.059376898385
246295.296723176 151216.555731687 107260.351377355 493029.44404002 274128.559622626 165803.095340491 711709.395163482 396965.948303609 236431.844924115 635460.423466439 299669.044691671 142038.297385158 759612.26413105 391281.984554425 206292.06490071 422868.62935265 203973.977059105 95589.8650199816 239705.539853187 105599.5598992 41371.530768714 148952.077848442 53508.8093820007 16910.8355938896 82479.9968944342 17802.9643954195 4348.80453701743 28.7625948492206 4615.15253096045 1160.09969888043
235844.501143444 141009.812354103 97422.2047264029 484999.419141026 266924.721982769 160649.974752919 678025.341045392 371388.230136813 220005.174014442 697379.193308225 378589.643936392 208450.196578834 770026.418976129 402679.586241096 214306.427516826 432983.471034328 226508.002542849 110827.409141389 251366.195586839 124212.920099859 51505.5209804433 163713.671201862 66034.8886158607 23610.5980735071 98954.7183216775 25220.2891906795 7636.14123866394 39.2105499541723 7125.09252241463 2364.13500173438
269758.726287931 173716.470158418 134071.535127318 537372.616371691 316409.916148659 215071.133925128 787020.735347433 473091.19325012 322254.982360076 743504.367201293 434888.000074365 281543.531982517 833823.545233099 469049.273949908 285764.633350999 481935.793944488 276918.877442827 162243.895137453 285196.992606656 160065.4667424 85971.3721206299 192712.493448764 97577.1356872838 48386.3719744652 127317.756797879 49462.3067722396 21303.3127881607 60.1132201119105 22753.6786292198 10888.8014489316
271770.44961678 174911.141226166 133959.517103086 543941.554279694 321271.485680242 222535.193124452 786626.457396001 476757.789265617 335225.995804463 748632.85345867 417801.453461381 266936.950338415 862009.954426962 505410.298035846 335664.805341922 502178.299443833 299135.504009619 193713.05903219 302641.514131195 180151.037316999 113010.228049796 211510.41662475 120579.43163147 71890.7487270045 149966.129064137 73698.2794635341 36198.5966634631 100.795552576853 38674.287193345 19485.3122995975
266259.396142585 169357.626613044 127999.628793241 540855.555570076 318647.817449625 221280.907411782 765995.99736922 461381.256849301 323412.116822937 805526.429535739 486588.447574648 344481.849353146 863760.394948079 504387.868099328 336253.012012107 509913.432409817 313119.039092463 210302.320377625 312056.999610039 194522.31135771 127460.163439199 222228.083812348 135976.119914575 83580.5111372587 160477.106261683 85315.5287537022 42931.5173542952 113.557633994026 43058.6199604992 23686.0549170314
297982.582999661 199137.541483507 157881.307230486 587172.560454261 360294.179990983 264902.926018398 854412.18404759 541672.401063459 402852.453911378 833840.597286642 520811.545902457 387163.125051546 923337.276175753 563244.507350322 400119.332098497 557271.650448585 360345.728835954 260569.611469765 348578.01576827 230855.792566021 165974.411405412 257053.111105845 171110.842210157 121267.738741883 198272.248757739 123366.644040372 79278.0731773977 115.720112502609 89146.809860295 61757.4430724885
293798.178377815 195161.664242016 153461.762054603 585107.972595091 356420.230745139 261649.313499797 843296.907352402 533413.979380152 395985.923166232 840316.894091639 508492.310095972 364927.119197297 940532.253160328 581347.942772384 417484.435261772 567136.028279638 368430.453994162 270064.168225582 356798.121280994 238176.537139669 175379.24641936 266628.80592829 181255.314094271 135223.991187217 210076.697397211 137844.918640235 98506.6089583008 93.8947907041541 111276.363009464 85396.4290679163
295426.142000181 196401.878522671 154177.803064042 589688.354388502 360653.892581021 266654.596633619 839360.606895756 531714.970097001 394699.34903018 890913.529662132 570054.549826776 432188.633221616 944658.704486937 582006.503962264 418711.283482586 577177.684907534 380976.83562744 283620.872168488 368011.953154915 250058.735935202 187184.932386997 278147.508132436 193617.909002369 148906.974051159 221338.945841682 151402.841321797 112863.385251371 79.2672998059646 124853.353825069 99527.203197906
317699.546007713 216730.598632514 174194.289504317 615219.133802504 383927.396068564 290736.082993335 885012.572355267 573694.692496217 435496.46900212 884439.912181224 566623.535919252 434740.014885856 974348.320400615 612447.553389669 454201.60708167 607612.33278337 410662.862943713 314908.955237969 396876.109908186 278020.856302433 216351.815834287 310579.660370492 225243.639629335 182656.519484431 259812.473106485 188048.750091086 150259.377529969 72.056565260985 179731.865109831 153420.903292366
308142.964366847 207654.30760784 165539.750820509 601887.85554677 371513.360571607 278466.289646346 860007.681628552 551470.613712124 413465.229285164 886678.380039771 556174.556820786 414608.499584822 976847.998940065 611329.875984204 449151.07710729 602970.158412547 405640.794943655 309021.761423955 394102.395720784 274882.046482466 213180.087431398 307992.227408182 222673.603375278 180316.451320984 257714.102750417 186679.637046868 150222.305141585 67.5056856172794 178972.286399542 157985.047938054
308295.049519369 207681.535227051 165483.627663865 601718.284058415 371094.959749547 277933.084679497 855660.911873492 546553.606001732 408110.137308733 913561.031030749 586023.387560439 448579.300630517 965641.692764924 600248.38223315 437470.637755233 600158.607236113 402546.132978708 305995.740585544 392656.823835769 273149.263266384 210961.364693715 305774.306498555 220271.004218125 177411.061407907 253949.794515594 182448.715974926 145356.661963012 67.7144864616138 174173.045563018 152556.47230045
317914.72040877 216775.780387666 174229.056122003 614882.27405885 383548.081605056 290327.753885373 882393.63769154 571041.729978354 432926.571692365 895120.663592442 576411.983420733 444498.348142 966462.67352171 606404.695590088 448929.428051498 604566.602719104 406717.631771849 310977.398534669 394916.262530021 275101.326552323 212879.16428762 308405.915944352 222498.286548532 179467.415112748 257525.418036644 185433.066152461 147374.504818865 72.3057538824486 177589.423014841 150078.122091839
295404.507063309 196324.219963497 154146.814504714 589795.872595951 360613.319991123 266598.606346707 842028.991444701 534555.82590871 398354.625891948 870659.364053565 543570.169794042 402628.513757986 947232.99954366 588580.248728961 426550.095441299 575340.408749539 378179.374897173 281195.530244887 365882.497869457 248172.427267285 185797.579446953 276160.772952947 191247.025869332 146733.989790829 219065.85776876 147926.035264379 109548.016241389 79.5127597305713 124868.73573856 97691.0084343921
294040.08687387 195206.29168562 153385.796012648 584692.076995565 356451.414367831 261521.069455474 839988.620515589 528647.000093458 388801.800975954 886112.262338178 566432.226840264 425779.573056134 929177.990246626 565688.918285917 398022.143207409 563239.279851543 365766.049693011 266994.237605635 354958.116021663 236646.961907453 172136.763320598 263650.755297585 177959.772053333 130237.075338353 205146.784727397 131777.827113999 91153.1370725751 93.5599180606524 105584.370449378 78631.311546998
298304.742708977 199230.262317844 157964.043937327 586530.182073084 359713.538106638 264355.957085639 849801.090397322 538305.363756033 400660.846946751 835344.036920313 515747.403206059 382048.191027442 913836.687391057 558150.824875367 398063.21233139 553050.567743277 353058.300718305 253293.558409312 345758.706754055 225659.540530932 160409.559572443 254485.436009938 167081.927128875 116876.757581405 195714.279204252 118981.519937816 74792.1632439498 120.075982420116 86912.0920995952 58753.5763792292
266300.862787129 169324.893133794 127988.530807813 540340.350989492 318370.852733551 221137.655974061 768215.88846333 463256.171389678 325465.58208031 797843.068391595 472505.912616445 327735.02902711 863831.57266302 508179.789041265 340945.13897597 504965.174881442 306787.735134878 204753.825390349 307622.006667982 189193.111014829 122358.604429919 217475.731174968 129632.170633269 78643.9764487082 154751.155116501 78891.2550020747 39103.4897135468 114.244573382604 41582.70372257 20808.4267509082
271982.560873427 174960.797973787 133958.669341508 544018.495431338 321631.577561028 222106.407249245 784512.608446681 472633.896209488 328413.631405252 805828.650552435 494536.238445539 351638.282097825 849957.686694332 483883.547801664 306502.516533352 498300.740903635 296874.64213735 187208.119144388 300351.433551119 178110.070564376 106898.319356228 208421.567976576 116298.117472758 66550.5720501015 143809.585709813 66261.2960583689 31974.9147047021 106.373226484771 35363.8121498212 17900.6303316709
269976.500380692 173762.157230319 134133.437063317 537250.897931989 316066.146855184 214803.867311942 781848.525967119 469205.411646514 320415.434659437 733887.371117135 411055.205015285 260379.997319988 826594.370460231 467554.718947975 287765.640871692 478576.001284376 267271.354099577 153693.867271139 281884.387725832 152326.858887542 79989.6305394368 188025.444626495 90766.4275544014 44733.8338567535 121036.246919825 44177.3858537568 19765.5546718934 64.8621840936428 22148.9652779978 10486.6363921943
236009.257507473 141052.90250722 97448.8776702971 483389.460756992 266051.356675934 160181.978868974 679268.509421396 372042.98964246 220300.1659418 709230.451061287 386420.778925163 224100.845090215 761980.754261975 397921.425462685 209368.14767857 423742.714324774 214328.947200093 102316.14992178 244307.415286096 114070.011101917 45242.6710844531 156442.86082559 58708.1315968697 19386.0230964526 89080.8571927873 20094.8133285927 5354.54708737499 42.5033200275672 5562.63239592355 1603.31440825146
246560.419554931 151330.631284163 107383.111579011 493262.218182486 274576.269177567 163857.695543732 710950.492598737 395283.342306957 231991.687009752 694196.17679306 391749.028705843 226484.299619918 746290.317773563 363063.910190834 175025.650626411 418056.435173432 196867.320193484 86518.3784312995 234852.22417032 99452.9098713907 37055.1380389545 143047.779252174 48590.0623475375 15301.6184889038 72551.9698004716 15033.7209520858 3937.00262347348 13.8610543098662 4252.29179377672 1111.00032327954
237578.351286094 143813.257319812 95009.9998740644 473822.609780589 255296.964088394 135043.827742412 697907.234123065 375261.680044349 187649.149119799 621657.253097367 283332.96777354 111124.848608173 717405.626915724 332060.547797292 130802.21331247 385917.667992872 149311.890980515 52641.0800591579 207055.318021022 64830.2413532501 20759.4840239381 114753.033422756 27398.6129720872 7977.36309339563 44506.1072969356 7748.47405776397 1961.29886746098 9.80742219752948 2114.74402465121 552.560564309086
208668.361042851 112647.447963287 57108.9240952594 424736.572159811 203742.990944897 83228.4478537195 582768.480293215 261443.947576581 93245.1559557615 613886.761317833 276388.375212787 94707.0500961107 644130.304107833 244816.688252142 59737.9703777422 340790.21465993 104173.511561983 23050.8984580214 177941.284416827 39179.4247175061 7443.04637719904 90659.9964818499 13058.3427015645 2207.08857698439 26445.1479909817 2436.41771154805 383.639703873482 0.336781700162051 409.370759710802 82.4694148788166
220259.934425224 123712.341160259 63393.4747473448 434085.421659052 209367.5183807 81401.6830524993 624794.401484865 290041.100917677 102209.875994415 568153.751647666 248027.052955575 65572.2548226193 619403.237084488 204629.444571317 52291.3307223404 321700.271227263 82893.5651086074 16291.5205050163 156457.53491034 28443.333402035 4495.72293990405 68379.0163632138 8095.72315851413 979.993671247429 15290.073069015 1074.7451815077 77.8437661487265 0 88.6288530889447 9.31492285678765
202465.926835801 102396.609615584 28451.2202703117 400607.128069721 164496.666296573 38276.6754745787 573483.057173268 212522.632494847 47079.4074280069 502177.991000105 135560.831273268 21757.7598561531 583417.799086666 148647.160607152 26908.1394691255 280077.390639636 47513.0138104221 7534.13331580595 123906.008066513 14380.4628525762 1980.00800100035 42668.6846143699 3662.67559827986 414.585977136301 7561.096827305 467.310230885996 32.1600598564675 0 38.5770465548184 3.74324277941411
184559.684177012 78421.353447451 11413.2673907141 369088.246091678 123411.25616448 15398.7143323863 506664.356945037 148596.826327243 20035.4917547585 515042.581975742 128861.564709927 18888.3402058158 521919.542155029 81350.9417476185 9143.87739445013 242011.596748623 25044.0175120875 2587.12909869355 97172.8731196544 6422.16545519922 648.472953348518 25869.0430312579 1344.44132457529 138.299417809378 3229.45089318095 143.806998819935 10.9048346435137 0 11.0950111614672 1.29098304713333
193185.392028359 82532.3747359886 3846.03232451797 369595.950123579 114598.22618767 5724.2167432313 525168.101132625 142069.07652449 8082.71179351064 427067.515547576 74704.0648761631 4076.24513725069 467624.319894516 63220.5252527366 4380.69035065273 199030.919049329 14664.3868870788 618.571595832389 69769.8878114812 2834.80184585139 71.993692623448 13192.7059737957 279.80271747899 5.03441874939184 889.854833719666 4.41009937311751 0.00222168236944614 0 0.0106178445005373 0
168792.712887572 43602.8177584717 1322.86050418925 327415.037390041 55845.7266933781 2079.44459134968 442467.505111024 60836.0524207516 2844.89090539131 388727.204501674 32580.8268410314 1214.7836307868 422669.692426977 31805.7372941114 1696.96345021483 149955.88805738 6594.56227588071 229.651242282079 44225.6528116495 1169.59378670122 25.5223423694281 6866.86910649002 109.731472173531 1.77350100460787 400.379960858254 1.57177055401503 0 0 0 0
160019.474888263 31655.8306714496 738.693019574226 304869.708520897 33222.482455403 1083.4104371603 419324.226475178 39446.6596739885 1611.96113186549 395387.526974484 28341.9354700588 1076.76615186754 363543.96133444 14394.4210392205 786.150084766799 109608.167209781 3058.29196946483 114.01509586671 26214.0787564991 522.792999226 13.4942464966399 3091.56399634418 51.6464430058708 0.953251846102596 147.818100508677 0.799269736566066 0 0 0 0
165677.398539342 23034.2898564881 0.0674376432957634 296282.359905295 16473.1976056843 32.5643311832556 408977.207140699 14915.0604475502 91.0063502144932 274603.503538569 5288.11127928246 45.6897091955237 272704.631921077 6129.32944407561 76.6477239552434 72153.4755789498 729.614426116663 1.83106402730022 12570.627513051 40.8503532136712 0.000869902318065677 755.579729146907 1.02662809427448 0.000887315640137588 10.3486525780016 0.000875140592286201 0 0 0 0
136827.836300866 7167.92321941921 0.0129815627142133 246338.394107193 5905.07921763698 9.95513005843589 301922.007751195 4738.41906825389 26.5292394717682 262018.415482465 1980.33733744708 12.480618170627 209283.474388289 2321.40066502119 24.1699404456309 42499.6152724153 271.985726765465 0.532475731948507 6623.75145851551 13.8468970272483 0 354.186239132851 0.394995321446252 0 4.6624363485308 0 0 0 0 0
135379.478681162 5342.51865578607 0.0114352021405701 227253.128089052 3558.50447935865 7.53646512223583 296653.760428572 3769.33228243327 21.9105292427544 211030.091951033 1783.80656742709 12.9173876887548 137490.306070503 1357.25943172536 17.0527539232934 24512.0859413516 167.066774606093 0.4149681528941 3165.87424232471 9.30506593534461 0 153.180772775402 0.225179452922099 0 1.94983328115161 0 0 0 0 0
136725.574662615 1.83915670449847 0 203282.685119487 46.5017944644888 0.000891870682860971 256066.276709595 264.898977962227 0 102572.337182399 65.6817717564087 0 91121.2736124953 197.827292128698 0 10627.7921602402 12.7949780504934 0 757.293850449235 0.0168121544276884 0 10.0374504037592 0.00135309479126471 0 0.0462772721999468 0 0 0 0 0
98421.8511579618 0.347073678644968 0 140061.665310219 13.7863515460265 0 127552.186093659 75.8829760988093 0 92761.8098933729 22.921810412235 0 49192.6473486556 59.6243493949599 0 5071.71877674645 4.0965365510201 0 334.048836262196 0.00180711870489049 0 3.22242888585834 0 0 0.0144875148184361 0 0 0 0 0
99761.4339227558 0.360684214833307 0 114603.90126921 12.0291424571912 0 112641.002699487 72.3566723944722 0 54249.7834636066 21.7807113526617 0 26844.9984924143 50.3185036469095 0 2626.63810089903 3.22702939097926 0 172.694230035459 0.00212485357485151 0 2.33092735887113 0 0 0.00580169821191118 0 0 0 0 0
88776.849894337 0 0 78866.5522566001 0.0931090196387768 0 49085.6219568131 0.540139211277877 0 12585.9055387666 0 0 10291.7626884882 0 0 416.164802508982 0 0 2.36318464853102 0 0 0.0120640546293363 0 0 0.000570486289178217 0 0 0 0 0
35232.10277296 0 0 36347.089585807 0 0 17442.6176526671 0.148155262006319 0 6855.21893965294 0 0 3775.64363960207 0 0 174.813696396838 0 0 0.43478571080177 0 0 0 0 0 0 0 0 0 0 0
28860.7451393234 0 0 21739.3144225368 0 0 16283.4815371485 0.170876832061056 0 3941.36622838418 0 0 2603.71731572087 0 0 101.846665938861 0 0 0.127987340074525 0 0 0 0 0 0 0 0 0 0 0
1878.13757935001 0 0 1374.24140787088 0 0 868.242832017971 0 0 282.02089601473 0 0 173.713829365921 0 0 1.60480152941334 0 0 0.00218103288117567 0 0 0 0 0 0 0 0 0 0 0
711.116852826872 0 0 532.887651004755 0 0 346.487902834515 0 0 71.2333350486626 0 0 66.3074497900492 0 0 0 0 0 0 0 0 0 0 0 0 0 0 0 0 0
603.59285569141 0 0 381.550601154005 0 0 282.168020499013 0 0 40.8548133132939 0 0 58.0963191016113 0 0 0 0 0 0 0 0 0 0 0 0 0 0 0 0 0
0.893457308746528 0 0 2.10917038282366 0 0 2.77476007640242 0 0 1.63002616233969 0 0 7.44901351862887 0 0 0 0 0 0 0 0 0 0 0 0 0 0 0 0 0
0 0 0 0 0 0 1.32990588069985 0 0 0 0 0 5.12222660199702 0 0 0 0 0 0 0 0 0 0 0 0 0 0 0 0 0
0 0 0 0 0 0 0.920345322913195 0 0 0 0 0 3.41061453302463 0 0 0 0 0 0 0 0 0 0 0 0 0 0 0 0 0
0 0 0 0 0 0 0 0 0 0 0 0 0.0132171269424668 0 0 0 0 0 0 0 0 0 0 0 0 0 0 0 0 0
0 0 0 0 0 0 0 0 0 0 0 0 0 0 0 0 0 0 0 0 0 0 0 0 0 0 0 0 0 0
0 0 0 0 0 0 0 0 0 0 0 0 0 0 0 0 0 0 0 0 0 0 0 0 0 0 0 0 0 0
0 0 0 0 0 0 0 0 0 0 0 0 0 0 0 0 0 0 0 0 0 0 0 0 0 0 0 0 0 0
0 0 0 0 0 0 0 0 0 0 0 0 0 0 0 0 0 0 0 0 0 0 0 0 0 0 0 0 0 0
0 0 0 0 0 0 0 0 0 0 0 0 0 0 0 0 0 0 0 0 0 0 0 0 0 0 0 0 0 0
0 0 0 0 0 0 0 0 0 0 0 0 0 0 0 0 0 0 0 0 0 0 0 0 0 0 0 0 0 0
0 0 0 0 0 0 0 0 0 0 0 0 0 0 0 0 0 0 0 0 0 0 0 0 0 0 0 0 0 0
0 0 0 0 0 0 0 0 0 0 0 0 0 0 0 0 0 0 0 0 0 0 0 0 0 0 0 0 0 0
0 0 0 0 0 0 0 0 0 0 0 0 0 0 0 0 0 0 0 0 0 0 0 0 0 0 0 0 0 0
0 0 0 0 0 0 0 0 0 0 0 0 0 0 0 0 0 0 0 0 0 0 0 0 0 0 0 0 0 0
0 0 0 0 0 0 0 0 0 0 0 0 0 0 0 0 0 0 0 0 0 0 0 0 0 0 0 0 0 0
0 0 0 0 0 0 0 0 0 0 0 0 0 0 0 0 0 0 0 0 0 0 0 0 0 0 0 0 0 0
0 0 0 0 0 0 0 0 0 0 0 0 0 0 0 0 0 0 0 0 0 0 0 0 0 0 0 0 0 0
0 0 0 0 0 0 0 0 0 0 0 0 0 0 0 0 0 0 0 0 0 0 0 0 0 0 0 0 0 0
0 0 0 0 0 0 0 0 0 0 0 0 0 0 0 0 0 0 0 0 0 0 0 0 0 0 0 0 0 0
0 0 0 0 0 0 0 0 0 0 0 0 0 0 0 0 0 0 0 0 0 0 0 0 0 0 0 0 0 0
0 0 0 0 0 0 0 0 0 0 0 0 0 0 0 0 0 0 0 0 0 0 0 0 0 0 0 0 0 0
0 0 0 0 0 0 0 0 0 0 0 0 0 0 0 0 0 0 0 0 0 0 0 0 0 0 0 0 0 0
0 0 0 0 0 0 0 0 0 0 0 0 0 0 0 0 0 0 0 0 0 0 0 0 0 0 0 0 0 0
0 0 0 0 0 0 0 0 0 0 0 0 0 0 0 0 0 0 0 0 0 0 0 0 0 0 0 0 0 0
0 0 0 0 0 0 0 0 0 0 0 0 0 0 0 0 0 0 0 0 0 0 0 0 0 0 0 0 0 0
0 0 0 0 0 0 0 0 0 0 0 0 0 0 0 0 0 0 0 0 0 0 0 0 0 0 0 0 0 0
0 0 0 0 0 0 0 0 0 0 0 0 0 0 0 0 0 0 0 0 0 0 0 0 0 0 0 0 0 0
0 0 0 0 0 0 0 0 0 0.00619196246256031 0 0 0.00427346649804868 0 0 0 0 0 0 0 0 0 0 0 0 0 0 0 0 0
0 0 0 0 0 0 0.32194978591825 0 0 0.161589739655531 0 0 0.0815964246243893 0 0 0 0 0 0 0 0 0 0 0 0 0 0 0 0 0
0 0 0 0.00189132726479794 0 0 2.39518087756438 0 0 3.43100373672897 0 0 2.51960583496182 0 0 0.0224368853529748 0 0 0 0 0 0 0 0 0 0 0 0 0 0
0.0608202367892295 0 0 1.19957875332026 0 0 35.7243316632311 0 0 51.1786731025399 0 0 18.7907348125992 0 0 0.280222625941404 0 0 0.0121559172322562 0 0 0 0 0 0 0 0 0 0 0
2.26761338318489 0 0 18.9362414851947 0 0 369.573557434861 0 0 733.993424733593 0 0 404.814014859705 0 0 247.6492158372 0 0 105.053017434399 0 0 29.3988644281544 0 0 1.81299483685689 0 0 0 0 0
29.3401874217437 0 0 155.175494828142 0 0 2048.24975804418 0 0 3367.15670571775 0 0 2047.35635815666 0 0 1164.82250714469 0 0 482.246584020095 0 0 141.757658240852 0 0 28.4498141548011 0 0 0 0 0
208.956178772016 0 0 1875.40364870117 0 0 13656.1821772598 0 0 16997.6710834767 0 0 9906.96342523174 0 0 6154.57591376569 0 0 3569.14091108378 0 0 2209.58274977664 0 0 1707.63528016057 0 0 0 0 0
777.140134717723 0 0 6892.61809596505 0 0 37453.6759763287 0 0 48328.6065322177 8.79239187502081e-05 0 31261.0215865226 1.56682484695696e-05 0 20715.0446242856 0 0 13924.1322986923 0 0 9039.75561541437 0 0 6959.90797851702 0 0 0.986374420275571 0 0
2357.27949659312 0 0 17989.2446505416 0 0 80781.5031980819 0.00350532264478891 0 109798.681788017 0.125182680990433 0 72607.5304821724 0.0478002455931773 0 48603.411670898 0 0 35034.9433338718 0 0 21019.662665607 0 0 15104.234641952 0 0 4.15265374812945 0 0
5640.14385665857 0 0 37029.6389288136 0 0 134794.303097856 0.213791307788765 0 184973.724630852 0.926044022399443 0 127436.90405339 0.427077329118456 0 84987.2586970004 6.02834647187808e-06 0 65680.2493715395 0 0 37215.3746456378 0 0 26754.6678801878 0 0 10.3112424778606 0 0
9187.73670858141 4.7750193422242e-05 0 62890.2853490199 0.139947955151276 0 185536.584425702 5.88882016614714 0 267856.789814109 13.2553985693073 0 185552.33604699 5.83857983129736 0.000675622017056586 126956.705408196 0.530186500564899 0 100403.777210118 0.0508177657049303 0 57543.6156394443 0.00616665656858745 0 38131.4430084268 0 0 12.8325763703142 0 0
13674.8773728938 0.0530906926942937 0 95479.8334114672 1.94499531008562 6.44026802189058e-06 235491.476287697 55.3236951755515 0.0148511945600502 336095.112518668 119.280721274534 0.00260494256937318 235809.587776171 50.5852854937064 0.02603073359861 170390.115349673 6.02722269354286 0 135389.061198962 0.490014492747245 0 82210.6065390221 0.0909937822961444 0 52157.9515355544 0.00487093567254971 0 13.3307532807351 0.00254518690437997 0
17821.6746858651 1.68233985913093 0 125541.086128211 33.413476965286 0.00874783110120157 280688.056222458 464.487296626372 0.248274756435479 402416.7813778 695.107505618351 0.195703335876022 282707.783864069 350.67982570394 0.320851116622789 208605.551585578 66.891238726242 0.00400995488826166 167778.847192748 17.1607023325562 0.00276431689393089 105793.318688312 11.1197934858723 0 65688.3185379531 33.9147435860954 0 10.8340172241261 4.28782125211959 0
23717.5957006354 14.6673827773113 0 153210.271847478 302.75089021314 0.147943886035468 316925.594688618 2289.53947747736 1.83624066961552 455169.33086942 3391.25506833056 2.84258269118123 323556.71475223 2003.17500817732 3.03248723065904 243347.382874484 1106.84320815807 0.129496949873484 196871.491409352 661.102173634128 0.0353541069121319 126258.238995139 269.11696499782 0 79256.031131925 220.058922086859 0 8.95874998779874 28.2100838732258 0
31051.6034863005 197.706208219124 0.0160837013177061 177744.339801086 1496.91688886677 1.21331349910997 352532.444756686 8201.95007063789 15.2306638787649 508434.170909632 11424.0783827924 29.2451191778448 360182.547057532 7320.46991392658 18.313735809203 275342.594220298 4688.18033268963 0.775925392068277 224540.808540415 2926.10175638527 0.23389388558884 146975.847913802 1230.98984306716 0 93434.4981182179 1144.5928869414 0 8.19815551935004 924.940738179506 0
40698.0094783648 888.884303528915 0.461708519427865 202604.377450086 5678.67915661024 12.044254623068 392236.179315387 24294.259390137 97.5304252680853 561828.330024063 32973.9151792937 172.388061297992 397068.738661535 21472.2998249931 110.683045301309 308640.282881822 14449.6795279369 18.0923825022789 252399.536471939 10421.232182893 7.37316366148023 167926.993381639 5566.67579633791 0.629874346073411 108324.359265161 4429.61319850502 0.0610780884377835 7.79465135469594 4413.49670959758 0.000366114849968658
52860.5129009756 2620.07571293915 2.72851613854168 225579.528779684 15461.6133193492 57.8431563572081 425301.631392949 51302.5575257151 415.39154411769 608804.070149605 70091.7496759399 739.303588770607 430770.148069101 48004.3232265662 424.132546271806 337963.10957536 34947.0112814976 81.6173360053912 279164.403416502 28012.4452347922 32.0854433454036 188201.904583712 17595.0604174606 3.12063271052415 123744.420373206 12442.4181011549 0.335450781808194 7.61041461585992 11642.9192325801 0.0101527167905851
67045.1294572234 5385.06116684773 53.135316631928 248888.799044272 31751.4916326608 528.693555141399 460298.287810648 88738.0707736461 2469.24988421965 653628.660847286 126609.216624803 3530.42750284634 465520.984153762 88265.1275220797 2188.03907637106 368773.146390591 67144.9808657845 1246.18650345616 306650.082650565 55612.374511148 891.154939872431 209422.564130969 36739.12325845 426.599100383024 138484.085253296 23855.6599084771 311.303429960876 7.58414053853109 21740.2818805363 135.476964289875
84382.3885353419 10242.8055625715 289.749016746494 273776.087398867 55402.4727411871 2227.5427221691 497645.92548936 135024.233926489 9421.25757675318 700390.654089402 192111.266968141 12779.6570785473 500970.220619578 136002.545342467 8412.1912524703 398839.571319138 106260.010541789 5429.14565391747 334358.297603197 89662.0667140624 4040.45589966484 231359.36247024 61560.8774553984 2061.04040007123 156885.273320671 41065.1094561988 1650.25395179679 7.72749839310375 37741.9958860168 1262.0860406405
103546.647000663 16445.1165944402 1125.55948865945 298699.599162013 82008.1211704785 6548.93223017189 530178.666049437 177254.818771974 23040.4540655282 744152.180175265 260802.977684113 32462.2049487885 536266.8801851 184057.438987739 22601.3366305378 429724.497343665 148282.542755705 15626.8114739196 362762.189274708 127343.691004538 11640.093612816 254035.405181155 88613.1652871609 7036.27509577703 173900.788667461 58293.1483841158 5131.93149374427 8.1325379833154 53809.3054757712 4978.40807211235
125649.019667895 25707.4871160609 3520.10374158121 326354.839421393 111423.271475992 16797.9449510876 563225.919959429 219335.089866455 48093.5591770166 785282.780440344 321193.171245195 67680.4359596806 571469.003916104 229034.852922031 47712.8254935996 461111.159827183 190007.117397486 35655.5499223285 392171.703205289 165594.278821922 27625.4172474577 278283.351009912 116721.904673737 18870.1660885583 195001.573994812 79676.0859952568 14158.0655290897 8.69049795955913 74546.5449690653 13504.2362673834
149590.760562509 36624.6568029942 7169.99532384342 354566.144483343 138447.366372145 33753.4324158696 597475.770461202 259591.830285868 84720.0589188172 828059.681588145 378244.260556026 120086.766384982 607479.496376629 270737.957785501 85520.8555643361 492112.762063661 227695.40571269 66510.2908583274 422615.648283146 202723.115690042 56517.8564826478 302982.204875573 144611.927712964 38813.3933454994 215234.18224739 100548.736360089 28454.2016926147 9.66505137667014 100077.141982015 28450.6600829794
176402.863265708 51932.281960169 13356.0540368216 384344.739814578 165758.175879122 58989.6276522625 626851.82770259 294022.843594234 124980.434337141 865077.357248609 425524.762059567 183213.410370166 643264.094637441 307716.037103569 129281.027297951 525901.0562873 264185.832125831 105745.43841595 455706.686178472 238358.988610267 96042.3650805201 330515.28053148 173512.640568966 67975.8424966786 236858.874985094 122549.280674689 48412.6830822775 11.2419555385305 127088.523859545 46932.3833894131
204478.463793368 70129.8636524182 22379.0135474599 414781.782843743 191720.398916801 87126.9777602348 657396.403038467 327916.522891787 164512.253498466 905601.214552804 472462.380287112 243483.761086837 678994.563657347 341224.313242012 171742.841458945 560917.243149057 298578.327251992 147847.414409822 489002.241858446 271132.766896014 137921.412476537 360179.780532366 203746.183610796 104021.369172015 258100.266773935 145216.929813074 71761.4852492902 13.2397708844148 157254.747654578 70381.1973936216
232765.85740286 91166.1748765947 35236.1669688169 446216.410313294 218375.552892197 117339.843076357 689116.480052622 363556.411446086 206238.077531557 944210.593218683 513792.358293137 299947.135403107 715798.216091308 375787.485123375 215078.160642158 597400.719510592 332352.66752114 188962.349511764 523920.816193091 303199.657239727 178124.07109633 390731.553702311 232831.393622385 138752.904678042 280972.102366721 168736.202078001 97749.8978019599 12.1851810804735 189477.098702332 99629.3648270188
261968.933880881 114675.538398398 52056.7033879238 476045.573431113 244372.441951418 144951.106183978 716589.131075291 392673.066861375 238690.709109424 978516.827200373 548292.710011865 345087.596397992 749153.711643887 405841.456899369 249043.267800224 630986.701070146 360884.055301518 221575.436915714 558044.088788431 332582.290479034 213095.273888501 418198.081337485 259165.363386716 170563.22258881 302197.746435448 191902.809739766 123698.14400879 7.0116530572219 218100.705567628 129138.974696773
290531.192910928 139187.395492612 71627.5155113743 505835.847595927 270375.60668019 170912.042274826 744116.346272379 421416.370767943 269828.767179515 1009771.770934 579246.843053353 385367.137857353 781184.141804954 436006.54234976 281820.448565477 665943.197292795 390582.965620919 252819.088329952 592302.259294327 361769.211219393 245014.837213268 444894.732712112 285627.848308016 199946.464622034 320921.656881242 211815.326209166 146679.84679114 2.86275763479359 243327.957416662 158897.48810155
319890.717000198 165935.663931058 95088.3778266619 535909.887530556 297560.859441313 197289.238022112 774586.911638461 451957.238637842 302508.394330064 1047972.1719584 617264.565863257 429881.578216914 812788.648202336 466552.699297356 313500.88410123 699520.157716106 419229.835982837 281691.716720731 625993.458471303 390765.135504432 274775.165189815 470808.062557618 311446.799657134 228627.31793719 340022.881121931 235294.58761086 172999.204964766 0.279461995060834 268924.507206554 192324.246514409
347471.438623868 191861.169494541 119200.28676117 563740.570201582 323390.793107549 221956.714244546 799312.447204935 476093.903127546 328205.271832709 1075394.19305147 643220.005915553 459952.185192257 840572.34733332 493970.199494207 341407.630983006 731490.949877118 446834.085229024 308835.841360857 656822.61248505 418501.027955996 301920.979402373 492070.068393127 333102.331955056 252306.62262411 350142.552592571 250394.959298699 192028.419100409 0.00854258121185565 283860.743753036 215058.853737294
374907.772819391 218671.440971531 145144.315875082 590637.495014121 349395.89303333 246822.024813635 822404.124885995 498304.318713643 352340.895823832 1100520.03532981 666609.144050784 487458.044816991 865661.839821328 519060.535311915 366694.501258209 760988.783913774 472840.042928214 334505.818655513 684611.0407995 444635.083021355 327363.792347997 511498.543658586 352477.207936727 274890.747787623 359930.991776226 266660.773130981 212089.50985918 0.00895657381208252 296164.03766192 234482.716577992
400234.06262106 243009.005757875 169469.306842872 615547.16796111 373787.034962132 270350.138695307 844585.747444654 519795.305610118 375509.61306834 1125519.23647277 688820.526281306 512957.831128034 887797.540205344 541943.588172021 390565.692718728 786762.685240399 495773.02027841 357225.149434322 707336.893530765 467764.180573453 350129.783187022 525487.627684799 368085.813569681 292370.307418414 359905.385231093 275053.179579376 225602.633832453 0.00960675348215554 300680.422658344 244562.659599417
424219.495358295 266743.416007372 193805.826516909 637269.528353815 395426.756495514 292508.708592069 860795.387230048 535556.631454599 392590.246736918 1143673.50062611 705213.095324128 531398.513644201 905120.462960583 559513.749222828 409590.887409675 808330.354948909 515975.046220712 377894.659807668 726048.716237848 488138.698741744 371249.215222946 535550.778026174 380578.474095425 307192.588265276 354106.225415248 277439.233069905 231837.476751315 0.0106896048695329 301169.827174946 250079.498065237
445310.340024581 287152.343661485 214784.340380757 655501.724793472 414335.328899521 311997.900815906 871788.288874469 546482.663691981 404601.938539872 1154160.82211087 715376.852542853 542112.449595633 917206.418477029 571790.914530505 423053.027153688 823548.628049965 531334.917171221 394410.870016256 738843.576920832 502652.747297216 388310.292435037 538107.565252279 387965.698642105 316795.543679741 345014.826202079 277774.1650743 236596.560339171 0.0132151518673829 297255.213315629 249295.505781844
464388.651518958 305882.909831641 234202.074444758 670021.850943794 429160.3380936 328059.954296957 877152.615601145 552569.189947305 411813.146062378 1156441.84679199 717929.412941638 544136.890667935 922849.637161681 578514.41558909 431232.683345637 831824.859209913 541689.059334449 406811.198589393 745307.127919716 511953.536479869 400487.911665737 532978.720763675 390053.758623293 322432.719360751 328345.923970962 268574.735133055 232542.533924095 0.0161238024392913 286509.366534285 241776.002776657
480356.230381432 321477.468359506 250461.752377757 678092.95892831 438056.035465224 338181.575573508 874702.249418302 550865.805353783 411104.952285416 1150515.30360989 712681.76061149 538694.298656419 918808.371949947 576637.674208422 430782.529594961 828938.384836706 542303.692232311 410536.172195613 741740.264513868 512800.090294362 405258.316892336 520997.276373873 387776.996994358 323952.82450577 311091.168917197 257378.031085438 225976.339609054 0.0157693476157647 269215.533338429 227816.891716759
482245.024476493 320299.04481803 249339.306083369 635970.904901837 403322.878725024 302470.027995295 784193.147787064 466416.793720704 338531.642107568 983137.297798781 572515.506051103 401973.4355628 726530.202601516 417497.283030207 285772.821019054 486415.495144608 282344.794077988 202815.384678811 344447.788672945 228524.722184291 170573.939536563 185719.456660451 136836.058201835 111093.025657911 90417.6890540826 71990.5655983786 60645.2295850928 0 49721.446751997 42754.849144649
466755.335524562 304982.543309678 233662.540216276 619187.699544021 386978.696017029 286169.451697966 762198.72315984 444120.597723406 315918.618378102 947786.306234619 537229.47808637 366649.844836989 684685.0426991 381138.326814735 253187.606008451 436879.93935374 245896.527971849 174242.119490324 300539.638406606 196592.065657992 144555.915336258 155197.396449269 112817.152137744 90047.5042897843 74206.3156330949 58543.0201366879 48369.7699851284 0 38435.9743111591 32637.2382343485
447899.624047485 286760.042283385 215359.967758352 595936.643076288 364734.441332875 264680.309581106 734930.210041057 415472.103724014 285675.849638041 903817.659853411 491381.888182304 314083.912815522 631833.813976342 338277.341320308 217511.15854855 384231.708233573 210343.29242467 146883.918259167 259216.466933702 166989.696684204 120637.390332478 130325.999573594 93522.3144562403 73478.2446916558 59932.1902225186 46673.8673748211 37615.9014176497 0 28602.7080042709 23723.520580216
427590.956304812 267552.820824457 195932.198311017 566413.790977109 339494.032040108 240560.886902858 702899.504238147 381696.53182134 251645.916541196 850099.101143735 428698.726440919 258427.087083379 573516.586083626 294255.994304093 182212.497445517 332405.942336708 177190.441904546 121582.477865464 220859.414194222 139592.02064946 98373.4921496601 107880.984458122 76129.5679517529 58561.8367905366 47246.3274244393 36085.7702710395 28094.8758606231 0 20776.7988431314 16624.8042468235
404805.161475167 245034.347846681 173382.525406121 534906.874498668 312812.184200724 214962.900983703 660608.249152011 338552.441308054 212994.79465134 784388.207924919 362107.508529176 203887.069320553 510646.099575906 249119.058187888 149215.835037493 284301.70982527 147348.65198788 98636.5777038363 186292.367766046 115129.726576764 78401.1560780139 88103.4338953917 60703.793296938 45255.0660231406 36443.7189632547 27046.5333305427 20058.7339238874 0 14330.589968283 10914.0516166634
380930.610681158 222047.942315203 150649.264748147 499682.763423251 283883.368846716 187461.537664547 614494.126704836 293219.141592213 174517.8011076 711583.716456064 298725.177348801 157366.317194521 445672.927518769 206134.81459379 118917.904063325 240238.400712533 120480.924546695 78066.8761926131 155817.73535355 93658.6682621311 60938.4706171226 71281.9677718969 47503.7032542247 33836.424718931 27303.2018783684 19571.5958014719 13698.0405314118 0 9475.79051734597 6775.06177522783
354292.56524297 196840.211445853 126288.188518487 464299.824267331 254486.561160958 159000.885592385 564069.508642844 248363.642880508 138578.757192621 622998.149378622 237399.70099327 115046.727616066 381699.308788484 169532.04881325 93021.1379893841 201765.188309807 96926.945192652 59892.2227533438 128622.288440701 74163.7496846996 45289.6470756 56429.0384649923 35891.9957385036 23970.250785422 19793.4182356543 13442.4131577603 8638.90084365103 0 5871.13468287366 3829.35924326369
327065.550530846 172427.281729722 103099.085640072 429285.715030548 225515.151456901 131453.0663125 505515.417443565 201884.537947099 104850.776742787 531130.868469497 182878.470052836 78579.6406796363 322859.498877496 136468.156280019 71049.8647374194 168542.562117826 77206.3040655779 44925.4027425332 105596.609359658 57791.8582522007 32619.9640943648 44340.5995939397 26642.6965080644 16355.8130359073 14075.8307199598 8994.96081045627 5244.01427851395 0 3474.40993187504 2030.1923282067
298256.565868232 146956.845179015 79797.7616245162 394869.330664555 195961.013830293 103971.280890174 445347.678251109 158850.699355368 75756.2571476476 444135.984068721 133137.252108504 49817.027029636 268785.416122253 106537.982539647 51603.256388308 139020.044781867 59477.8541155039 31515.0162663513 85165.3214292221 43298.6070065189 21847.9514702056 33621.5248787192 18671.8136259623 10186.2127040687 9484.0763700057 5569.29191133339 2848.18324973637 0 1870.43020220242 940.809889041331
270870.663986786 123179.401758756 59529.4376668795 360660.635816537 168263.393742649 80369.1328221017 385005.113055683 122264.959712002 53767.2495131864 367973.980855508 92582.5078616332 29685.5755172508 222449.837531759 82450.605022865 37065.1965064793 113992.327498671 45435.2137688599 21620.0303955243 67993.4567799947 31498.4065944399 13772.3906196298 25069.3442232456 12563.8181587237 5942.90118597572 6210.44302655281 3315.46173033358 1446.23969078582 0 960.681810236006 401.019800263602
243247.4768839 100061.544496867 41378.5350969581 327708.849031581 141049.633168253 58430.9589341731 317984.561328724 91369.8847429474 35998.5201059638 291933.683699599 61657.9676409353 16849.9903413955 181151.201955269 61591.114089378 25201.6305010425 92157.0352802638 33254.9257354524 13697.1659608074 53358.3552992022 21920.1011495225 7912.74758544818 18086.4058577088 7902.41888165842 3115.43662074483 3899.24730127633 1836.97344667043 640.143594593151 0 455.694970105344 146.563122234501
217057.178662792 79172.5501915258 26936.5800342796 295214.85493995 115336.960177446 39255.8008973191 256277.679163414 65886.2017107836 22320.3991597961 222644.197273381 38095.1417141906 8505.23541799517 144343.487739513 44280.2379309878 15935.748955027 73592.2461566061 23289.4731142884 7957.51840413409 41035.9834122286 14372.4530649707 4035.77104217254 12561.8390175051 4619.66822481457 1447.83572571107 2307.91411192776 923.70756395883 231.442011803363 0 180.499313917228 36.8336461409126
190819.662929641 60462.2578798804 16213.4614086869 264196.4165619 91140.8869003507 24306.459460887 201820.441857129 46115.829298549 12509.6738982171 163144.359396887 21990.8749429069 3942.41533409677 113999.232562227 30562.4913643638 9292.53752888949 58201.0984116932 15633.5141034973 4337.87689729735 31040.9279454881 8889.40430320021 1858.11315790866 8416.07035030115 2546.5097134004 634.781894708026 1351.54373755014 450.606530620022 84.4738767599365 0 71.2096913733982 10.6665511838546
165617.855371436 43910.5071323939 8552.16443616217 234150.920784195 68872.100802304 13080.3280364303 154767.562310381 31092.7259832744 6596.24482784408 115753.262594702 11921.364886426 1741.28590022248 88743.1007602397 20469.6158080445 5108.35605126514 45196.7542305892 9774.5793844391 2069.01136103049 22792.3277767393 4996.46777779691 719.777887380592 5402.80039346483 1287.20553773579 238.764665353635 725.471517775527 185.650775025305 22.8774813249223 0 24.7162529897909 1.92621102637913
142737.830432873 31134.2169226559 4066.08558667661 204238.956850241 48947.7650710233 6110.72125918567 116951.847027619 19173.7410452247 2865.45341366543 79375.9867023756 6049.17955058357 680.253219991509 66974.9009071085 12395.0295746573 2330.56144530751 34419.74455718 5702.21126792343 883.415524163351 16551.1383282703 2664.81391665846 263.404030093134 3470.93528880099 633.951318068391 88.0267185407498 381.380103822744 70.4946817865515 7.45964931085044 0 9.02847548142124 0.621162247029273
121092.34391294 19964.761703827 1257.95126626264 175468.659997272 31807.7240771275 2190.82569116174 86148.6504548958 11141.422657941 1115.18687058058 51147.166919112 2735.83952313889 236.462190783488 50279.9752218674 7168.87199629682 976.43452258078 25323.9512082045 2966.98781783597 303.309058663938 11260.7692334366 1219.00316012466 80.9766249419221 2040.93766165756 260.074250622176 26.37190079839 179.333097341449 18.9945118422914 1.39959907224887 0 2.17098308912432 0.113277090783142
101834.505093701 12051.8628879993 295.400180433216 148498.718809768 19286.6479501436 710.509227322073 60670.4544015722 5700.01375112486 387.866603589617 31180.0997634369 1108.27192995061 79.693973099371 36313.1269443079 3780.42951153336 381.390016009604 18356.6019502633 1502.10255276314 96.0840392044176 7362.19809860677 513.563055784613 20.2790593501826 1148.45843023236 96.0435231061847 6.29759664958625 85.4081808244448 5.2128639310105 0.117789204902046 0 0.422860316189749 0
83531.9648260707 5998.6773819832 51.5177962796832 122788.321757448 9837.1911351915 163.010810516374 41554.6507784197 2636.43733682603 104.73355077049 17779.1333697663 420.121091781405 26.4348760206821 25304.4736397428 1768.22454544244 111.449964513769 12454.2313697779 656.39778049343 22.9186527146051 4434.70670240415 174.97773745223 4.28845034545829 583.942788390162 26.9160045688883 1.52942396181823 36.362374289363 1.26721434817082 0.0252777612079898 0 0.0760769304800074 0
67709.0164132095 2775.59852210183 2.25429147594862 100877.925306216 4472.84187263046 29.2888070359342 27234.3155455935 1045.5124020366 22.0973537342952 9404.96282548213 141.600723483194 7.3360686270556 16914.8392344426 744.946524749094 26.4805042051504 8204.03745632316 277.743358449376 4.45779522433093 2557.88251599891 48.9500628386955 0.212577580665239 282.037614843714 4.4506361028985 0.149441134309112 13.6796600450563 0.153639004320773 0 0 0.00043951765263028 0
53023.4600211677 901.327816860254 0.35263910796064 80874.508781286 1581.36842272605 4.81923499106136 16939.5213197015 361.838932679882 3.09107305107525 4475.50000836324 36.3879724144598 1.25163086777017 10760.9830305676 278.529819409046 4.83118309243754 5040.48600795624 100.498655867362 0.779025371204693 1361.48428090804 13.785826469207 0.0274833521261361 133.696758575456 1.30038365557169 0.0327287281684468 4.42158209903468 0.0344029421796016 0 0 0.000100587161019122 0
40727.8398790837 177.649041487288 0.0140727677738987 62633.7748684636 482.432802123716 0.710319648205175 9874.23772292772 110.395182179971 0.634265279498225 1927.61492545407 7.14251345965996 0.147410237574187 6286.99528878587 93.5036374128633 0.847643391833227 2963.75739864734 33.0416641314108 0.107061509996032 663.957350052834 2.50484287814485 0 53.3813734813327 0.211040996479593 6.39335094172305e-06 1.06815157916957 0 0 0 0 0
30455.1611878845 13.4667924706752 0 46229.2801373831 107.892217015831 0.0284067399809724 5374.76514075335 32.3918325455824 0.0465367678201919 786.414815542423 1.01354183740392 0.0106644044902649 3431.28324999461 31.7226239800455 0.0242776332454369 1588.51143238922 7.89407282103175 0 307.179426238592 0.367796024358039 0 20.3989858478306 0.051470070375707 0 0.482367097417308 0 0 0 0 0
21857.7383637908 1.25492461060897 0 32270.4639585313 22.476268579714 0 2704.29846808456 8.10369824697804 0 286.314821990366 0.0380789979637328 0.000623806788257937 1682.14616344404 10.3758495685333 0.00279257083601395 771.76105353356 1.48028947287107 0 123.949451469618 0.0326400420568682 0 5.48839164536946 0.00452925494193232 0 0.150470021561075 0 0 0 0 0
15672.8889503861 0.084709619794006 0 20358.2939802398 4.59834798961284 0 1195.59730211658 1.37831337769415 0 89.3902265303674 0 0 705.386797447947 3.04002525023993 0 347.63377606739 0.187453015717659 0 45.1519552600988 0.00324189175823493 0 1.51779085974887 0 0 0.0459412790861729 0 0 0 0 0
9775.90682966321 0.000462241204851122 0 11271.1948649648 0.763788717451744 0 460.419743951226 0.0978512346831036 0 23.9281914939817 0 0 244.902831904835 0.937719166330254 0 133.77885277244 0.00769614186364534 0 10.1049289680545 0 0 0.291445530591273 0 0 0.0121824845758669 0 0 0 0 0
5701.50166960985 0 0 5623.26483011789 0.074336845970414 0 160.650853433839 0.0116316464048041 0 5.7721061804768 0 0 61.999070435106 0.201272245572984 0 49.199124016222 0.00084760719924298 0 1.3466293709715 0 0 0.00564288836582359 0 0 0.00234567578104354 0 0 0 0 0
2333.77259838256 0 0 2257.69510068152 0.00765876595406542 0 48.3869158125588 0 0 0.875194969956892 0 0 11.2535459655957 0 0 13.9258871604584 0 0 0.25287476027822 0 0 0.0012120083201402 0 0 0.000515166483899774 0 0 0 0 0
847.466901168597 0 0 792.132388595657 0 0 11.975596139791 0 0 0.00809977453194128 0 0 1.25877073049633 0 0 4.10030942498641 0 0 0.0199127472304033 0 0 0 0 0 0 0 0 0 0 0
241.266221749754 0 0 196.246962576858 0 0 2.08296683028189 0 0 0.000259431308186693 0 0 0.136102367003216 0 0 0.813560304437153 0 0 0 0 0 0 0 0 0 0 0 0 0 0
59.2994787379553 0 0 35.4322283647496 0 0 0.0345742090238535 0 0 0 0 0 0.00655468223077994 0 0 0.0956654429687623 0 0 0 0 0 0 0 0 0 0 0 0 0 0
6.88220242619633 0 0 4.29444163965125 0 0 0.00180535597684967 0 0 0 0 0 0 0 0 0.00366554352577094 0 0 0 0 0 0 0 0 0 0 0 0 0 0
0.0493362519543419 0 0 0.31307292427593 0 0 0 0 0 0 0 0 0 0 0 0 0 0 0 0 0 0 0 0 0 0 0 0 0 0
0 0 0 0.0110085235141191 0 0 0 0 0 0 0 0 0 0 0 0 0 0 0 0 0 0 0 0 0 0 0 0 0 0
0 0 0 0 0 0 0 0 0 0 0 0 0 0 0 0 0 0 0 0 0 0 0 0 0 0 0 0 0 0
0 0 0 0 0 0 0 0 0 0 0 0 0 0 0 0 0 0 0 0 0 0 0 0 0 0 0 0 0 0
0 0 0 0 0 0 0 0 0 0 0 0 0 0 0 0 0 0 0 0 0 0 0 0 0 0 0 0 0 0
0 0 0 0 0 0 0 0 0 0 0 0 0 0 0 0 0 0 0 0 0 0 0 0 0 0 0 0 0 0
0 0 0 0 0 0 0 0 0 0 0 0 0 0 0 0 0 0 0 0 0 0 0 0 0 0 0 0 0 0
0 0 0 0 0 0 0 0 0 0 0 0 0 0 0 0 0 0 0 0 0 0 0 0 0 0 0 0 0 0
0 0 0 0 0 0 0 0 0 0 0 0 0 0 0 0 0 0 0 0 0 0 0 0 0 0 0 0 0 0
0 0 0 0 0 0 0 0 0 0 0 0 0 0 0 0 0 0 0 0 0 0 0 0 0 0 0 0 0 0
0 0 0 0 0 0 0 0 0 0 0 0 0 0 0 0 0 0 0 0 0 0 0 0 0 0 0 0 0 0
0 0 0 0 0 0 0 0 0 0 0 0 0 0 0 0 0 0 0 0 0 0 0 0 0 0 0 0 0 0
0 0 0 0 0 0 0 0 0 0 0 0 0 0 0 0 0 0 0 0 0 0 0 0 0 0 0 0 0 0
0 0 0 0 0 0 0 0 0 0 0 0 0 0 0 0 0 0 0 0 0 0 0 0 0 0 0 0 0 0
0 0 0 0 0 0 0 0 0 0 0 0 0 0 0 0 0 0 0 0 0 0 0 0 0 0 0 0 0 0
25941.0640948352 15138.0510706295 9955.77536621332 232.698452832533 104.945979172467 67.7989137413241 4.31469633180912 0.63206346122088 0.0446052929831025 1.28986424580765 0.348046402060023 0.0204130518208651 0.690205199100686 0.279595721139874 0.0927412907772 269.775649216881 44.2820335331334 21.3544064928561 30416.2465274521 14982.9033344977 9327.14865164202 17882.8836706861 9762.22193931656 6628.5542957317 7374.30115327971 4252.00199772429 2900.39955174646 0 4670.84410328486 3247.57350417886
25485.594378855 15230.6322898407 10114.4750632395 207.168609946464 91.6687705600831 59.3377547060901 4.00319526012204 0.552462982883206 0.0367083381481716 1.21065949388084 0.296086133568759 0.0195576520992293 0.594652798881996 0.257212129775886 0.0810351259758427 214.062918125294 37.8676880193873 18.5438209109262 21585.1414886772 10313.3441777005 6303.34002060307 13773.9151052857 7362.64453355013 4928.36449937932 5629.68274151136 3193.02623508827 2164.64238761482 0 3521.46216937488 2439.62290917016
24632.967698263 11829.8202123758 7511.57491781505 25855.8669644345 13706.6812084454 9499.46955255693 365.477629197741 105.307901616279 37.4475722555998 144.644431779002 35.9219368273418 9.49728448677751 266.261063046334 103.149346002582 42.6805325246436 34476.0018221576 17765.2131252305 11196.6736991493 22030.0642008093 11782.2400355035 7668.03547888959 10057.4647174997 5614.91029660648 3774.44103273091 6209.77858847341 3537.91434741359 2456.86880509024 0 5055.76833202628 3029.61106424668
24922.9702246015 11943.3395799569 7579.27509219105 23899.2953467374 12731.9921647458 8869.39125358195 346.467947126831 99.2949214102447 35.3010768845507 136.525072320449 33.2153801857159 8.68861398272011 252.41246359652 98.1507892617753 39.6190728337608 29118.0565021968 14821.3580431823 9331.63829459849 19223.4446191387 10206.145244903 6607.37890735703 8742.74663765378 4848.65275446579 3245.23043688213 5272.80281297692 2977.69152589579 2057.38926283655 0 3945.94921299103 2387.80558951017
15009.7923414884 6809.47450312589 4240.62926911892 36408.6373548895 17494.7284019914 10538.0620292369 30463.3920273623 14809.4531795462 9050.79316001958 4261.96028776983 1845.21032269524 1023.92978096106 46173.9726072404 20007.890920711 11613.9753981677 26254.8092189302 13147.3132857276 8302.36738245534 19321.0314447798 10593.1338989485 6963.61202764216 9910.55938622286 5475.0687803496 3689.87119940694 7101.71117786476 4003.21830572277 2733.21013055677 0 5079.89636994343 3362.15101384905
15037.5010268684 6812.74188637644 4237.38746729447 36145.5267469246 17455.0337475964 10519.3378002047 29829.6703198612 14433.856294924 8795.72952387672 4204.10386989179 1820.72454068885 1008.78512100225 44538.4356659048 19270.7248420881 11141.9186026336 25266.0485414847 12594.70995848 7942.31666878999 18596.954391075 10172.3687988995 6670.35663823543 9130.9400901374 5010.39173643861 3355.92932670028 6356.96843497312 3554.15376880844 2408.44994394551 0 4077.76750233048 2658.92850252524
11646.4708352873 5763.9109611614 3728.26814387322 31450.1621405051 14048.1449170922 8530.69862361787 74332.2461022137 32089.4858939529 19283.2152726569 76942.3131555628 32090.3540436479 18489.9430338937 53345.9783539934 25257.3915359834 15409.7552956624 25005.1095322266 11661.5815489178 7071.69745698339 13738.4873106999 7067.42551931537 4488.34425549702 8706.08354647007 4762.27559749212 3199.99821711068 6119.76062343276 3509.47800656906 2410.97360332 0 4709.67040896125 3031.01896568124
11596.7444275142 5744.49482552138 3715.61156321889 31557.749366281 14119.2445657874 8591.40064785684 76570.4046008376 33088.7453385346 19877.0373563972 80534.5687536148 33791.4718305211 19576.4994408305 55330.0098260863 26237.9619555904 16050.183866194 25951.910568148 12171.8720168457 7399.30830167616 14019.9562082443 7240.41700903468 4613.31277400891 8607.67901675738 4707.83531937111 3162.23590288252 5805.48730561284 3316.2912613968 2266.78384558241 0 4006.0969866651 2548.18511107751
11425.5352354949 5656.50483403867 3633.39352260644 30529.4989983253 13893.748532099 8561.95052353214 69100.0863571705 30790.7899126019 18785.2473257676 100296.375632264 43481.6869214771 25922.6547535213 51714.4921445752 24809.6315731773 15098.4306267992 25731.7819625383 12011.5603998195 7281.13546266147 13297.3941754632 6768.88711709578 4271.63896032587 8775.0087221906 4721.30769894198 3099.50359757689 5997.68826775039 3288.97085714845 2194.25376899578 0.712467526779186 3818.13233154449 2351.45131612762
11341.9475659844 5630.08022235275 3618.98479464966 30873.8869087741 14094.4351950526 8725.90251379884 74929.9208126164 33293.2788702986 20236.7251895745 113180.787538197 49530.9010810143 29782.7657494718 57041.6482883904 27366.6905906914 16732.9223239156 28412.454391353 13422.3048785983 8162.87828474711 14356.3866167038 7364.81567030213 4679.07007478614 9338.61216199888 5079.32158917217 3363.57221819434 6174.9742990133 3425.70689617288 2301.24668266042 0.708997274418266 3730.82623631379 2313.92747061517
18919.2992811723 8417.42455826784 5141.36165979753 36394.2044056753 19819.6257112667 13503.6388766747 840.934653904126 267.475044703281 102.512672531396 329.284365323013 91.2408577554096 31.0177207302249 689.093146509189 266.500512326052 115.120030419336 32970.63250144 17319.844451391 11304.228497522 22243.084059864 12040.7591865322 7851.49140449308 8987.45713762184 5010.73562035621 3371.94777844375 5850.12219695829 3343.96559792893 2286.3231808799 2.74447759572256 3139.64156587938 2125.37308299722
18595.937133054 8305.82951009013 5092.31300274985 40240.2432448699 21317.8862962261 14250.9346490769 912.945572559639 292.61103217391 111.614503120738 361.321891017882 100.876754753638 34.4802209096604 752.984096789056 288.635979575287 128.454612444222 40493.6385139092 21632.1317674651 14096.5533189289 26131.9613185093 14313.8397415636 9395.13852604746 10337.3106177257 5798.32022220855 3925.20090830559 6595.6837076176 3812.06653860107 2631.06070243754 2.98616582475737 3600.6851691103 2462.74301400652
33245.5649752302 17144.135191488 10689.5777998173 2388.98834345577 1389.02154996199 1014.91173804198 22.6359233688908 4.22695185124094 1.23948411852286 8.94039996008042 2.00552384942265 0.290374708007026 10.6497340045772 4.60296334013266 1.54200959335599 5002.98038394637 1943.05114544503 1064.28121283641 27376.5291643004 14843.464180817 9650.53978760449 10863.3916037307 6136.19331888682 4168.14011000801 6282.15921524009 3568.66960052743 2413.67291901225 2.54024544749471 2929.42073275348 2000.37754321458
33059.8046694859 16840.3784612859 10485.8828401511 2761.56365394338 1634.48700454439 1209.42528303585 25.5916592367332 4.79490176997195 1.39333393248688 10.0458917610965 2.38111111093596 0.325806357625123 11.9054131972539 5.14970745228455 1.78255974057501 6887.4489315642 2785.56652823692 1555.77759583989 37901.0895715582 21218.5489500984 14046.738310304 13511.377782313 7688.77659012888 5241.30025384188 7835.86909507793 4503.00970171599 3065.67393733341 3.08138672644634 3758.04073017906 2587.94257074195
9777.11064826106 7036.1813795341 5469.64246419169 3.15704544103209 0.834043806113874 0.729592926664519 0.209279276608464 0 0 0 0 0 0.000842944504443421 0 0 1.84578519131165 0.387296309808971 0.169063777633838 2687.81236999054 619.137106017736 202.879824051066 20985.6234335181 10866.9569345006 6924.72696811412 7008.22847965187 4023.16999741801 2741.10679140268 2.9880898215764 3218.91048626439 2207.55502148411
10697.4421549384 7646.01115632634 5891.23623154189 3.72170599959855 1.06189766542195 0.861801179548726 0.218804486428583 0 0 0 0 0 0.00108097568623849 0 0 1.96892276233052 0.469738003093038 0.244058388747267 4197.51283939772 989.850417404735 315.55864562228 32689.619713654 17666.6339684944 11504.1577857448 9783.71053728119 5674.52692143954 3863.67786378046 4.07126306459001 4775.02052281035 3268.87353693534
45.1335091651521 21.0456179584989 14.1104247923052 0 0 0 0 0 0 0 0 0 0 0 0 0 0 0 0.331317132214463 0.00276257120583191 0.0269801258261701 984.520344571615 76.0936792966404 31.4646656372014 16909.2164725434 8299.04146465019 5138.69590199159 3.42422036189921 3840.07169706794 2715.00323704756
52.9492886938369 25.0288329607848 17.1609083425081 0 0 0 0 0 0 0 0 0 0 0 0 0 0 0 0.391456069591192 0.00309071523332885 0.0323479125159785 1752.17140191869 116.602760679944 42.4340594488938 30043.873661691 15719.1814979394 10077.2728412703 5.72207180533157 6613.656461908 4614.206839072
0.000245044051953785 0 0 0 0 0 0 0 0 0 0 0 0 0 0 0 0 0 0 0 0 0.000415895406424421 2.19186299793685e-05 0 395.593580056094 32.0622670379141 10.4486956923694 10.4692762319681 8245.7381285066 5004.78576000807
0.000550754541690491 0 0 0 0 0 0 0 0 0 0 0 0 0 0 0 0 0 0 0 0 0.000816948507384561 3.03884526065162e-05 0 806.771210679512 53.5439966494804 14.2177737069347 21.0433412117305 18981.4314741 11795.6927295061
2780.69465329076 2527.61368384245 2126.70940922341 0.530211162843266 0.203338825240114 0.166322481140788 0.0236438411159774 0 0 0 0 0 2.4297208633928e-05 0 0 0.335515138484297 0.0752546680298697 0.0468709234109669 375.645986347185 95.3488720454909 43.9340476555326 11296.9205429877 6741.81352375719 4743.93818336259 3336.48900968299 2093.70333934333 1505.24002365339 2.00675939774298 2773.19961797303 1949.22772522283
2528.11338647357 2332.32978234335 1990.40053285416 0.455545462322713 0.152126758051971 0.143349859954745 0.0242648929879299 0 0 0 0 0 1.14162435076556e-05 0 0 0.39789743999379 0.0645350688346271 0.0291370151559965 232.98991415992 60.8101801772211 29.6803065018685 7321.56072895149 4300.3930845365 2976.83884829529 2176.14748994091 1344.01041183578 963.163639418537 1.5750737547722 1817.84895265595 1287.68472826877
9788.88948197954 4350.54606642633 2659.18363028639 762.240867672685 582.276435448168 480.782006546986 10.7631034219166 1.93645856856691 0.63955664898115 3.25119240745942 1.27943031542125 0.11586309187135 4.01143086730022 1.53860944292386 0.628367888202223 2421.16193027522 838.561671677949 429.897866926692 21240.8562631358 11842.4910358627 7884.94516058383 9827.55172766563 5415.6087770682 3654.69993909053 5260.9301782036 3006.3739729434 2030.38188331459 3.08964848649336 3628.10406269511 2379.2377422077
10019.3317765307 4430.29380281658 2685.77340284215 649.582944868389 489.291208612663 398.684024001131 9.15411051870019 1.6302372315401 0.560012663907486 2.75939023942057 1.08444337071388 0.1088706068484 3.51547036717392 1.34991555604386 0.496137350670454 1671.5085586762 565.873382267951 291.255510731134 15456.7042356658 8445.89327001745 5535.81983031606 7027.88978949894 3812.11609268037 2539.45027744502 3621.24804298846 2006.52665259189 1344.54256549331 2.52530940484611 2491.80333397672 1624.00403922372
15643.9005125919 7586.05490540241 4811.37301845837 20886.55427968 12401.7089056387 8613.09435680799 202.608300459574 63.7753740190241 26.0436406610276 81.7992754567499 25.0868653675729 7.97686316019712 155.260965320844 59.1088613368647 24.1622357919891 32699.7132214117 16342.2100460803 10228.1690424051 20738.560120723 10898.6298528109 7034.82901097314 11650.4287899367 6407.94765877634 4333.75610824079 7680.72055416426 4189.09714080944 2812.39061205604 3.75735647496443 4194.03390660085 3073.96895465544
15802.1930603764 7647.01972356703 4845.99676990658 19044.771736778 11467.2515209974 8007.94893028857 188.272672634354 59.2341277757013 24.6139167351959 74.9829142093737 22.6618994060198 7.45668699892614 145.312849303303 55.7588192704142 21.4318612599287 26076.8737366301 12814.4360205686 7995.42493984229 16682.092034761 8670.77415248249 5553.24032458713 9233.32831884472 5024.23528275159 3375.51034760413 6046.64913043878 3244.55443684255 2159.37857870085 3.25936649264883 3311.90610584436 2357.61888152946
28035.0161871312 14113.2795413771 9192.09655376788 37321.9537500144 16455.7575734992 9828.97010105655 17272.7851699679 11180.985456529 8230.41935031938 3558.53933271524 1651.00513662967 928.352675179401 71529.0032942354 32431.5893826142 19364.6427742183 28369.1902758094 13952.1715404861 8707.39027064385 22677.7183042678 11785.2148831152 7522.15671514128 15731.1694811713 8660.26449998772 5802.92850858147 11307.4501638779 6287.6707501056 4227.06076277058 5.77348836773738 5238.73603997822 3736.97236521125
28100.8853878659 14128.3230880531 9199.83014857623 36953.5410728155 16292.3572062005 9712.62908255239 16431.7036566416 10509.9874713194 7689.67140710184 3466.52689335176 1611.58490481389 902.862954591901 66486.469795417 29938.7914234373 17732.7427678902 26498.8280535285 12926.616317286 8045.05874554203 22153.0509194722 11473.4842159173 7300.81321484374 15351.8581697793 8433.89165409607 5638.76900141664 11065.7589220163 6135.12596783083 4114.241698758 5.84350158694293 5233.21301318423 3696.69363667874
13676.6800679052 6253.92988525529 4024.40026852223 41475.7169286391 18599.26891733 11226.5833164833 85545.5534621659 37375.1537960145 22632.5374685474 213401.640492062 95103.2841026889 57194.4135557181 61042.1125530728 27946.6879526283 16493.9769190003 29001.5887949364 14183.959552167 8860.56795732948 9581.28347936461 4962.39531787516 3138.87396570795 5820.43934647435 3206.34842962836 2142.05314329832 3571.79540413457 1986.15467991848 1312.90912367341 0.858966946805763 1449.90284215763 1150.59813002459
13591.0574391947 6237.26924023579 4016.12799751861 41969.740648279 18821.288844024 11377.5065917895 91869.8726918702 39732.7529312868 23863.7266526412 236937.549738137 106046.035811074 64137.0818620807 64968.557020366 29550.3656147823 17436.0654737645 31620.226519707 15633.3941725764 9789.27655528609 10636.4264731119 5533.52333424351 3522.40225390821 6612.18560213423 3665.60207000322 2465.00315220175 4182.42676849043 2351.74713989461 1572.53438293393 1.08074834596255 1861.8321279203 1480.81481511168
19852.5335367358 9850.10714496842 6405.38460342862 33416.1121596591 15135.7101871463 9091.45823844943 46006.0768287282 20271.3772628414 11970.5969564454 6798.48315932945 2805.05892979216 1538.05657386313 48408.2558904114 23432.2589822194 13754.5289327722 21644.3744526876 10493.6717405922 6571.61785902547 12191.098051337 6387.92680735898 4114.75405620252 8504.22041392177 4578.12899274505 3042.25688778209 5462.66177814988 3011.71554602613 1997.17343665014 1.77997123361813 2582.85497101494 1731.00880149853
19734.9044985619 9853.64525455386 6422.70944222001 34429.8613116563 15621.1020284671 9446.86095586798 56417.3046385456 25873.9086504142 15628.1692702971 7398.3898228339 3073.15693280091 1707.3075162808 65762.3467225771 32806.4267192105 19797.2943012894 27584.0781445069 13697.0563811337 8590.03381031831 15988.020806781 8465.13306264397 5510.39326334746 12088.1633485852 6618.33703222004 4441.71150290946 8430.28434414186 4725.98327599529 3163.62688522772 2.80214592042537 4707.80786846705 3087.21047036135
22512.2801136641 10874.3059384506 6993.55925417995 26036.9256747103 13955.516952228 9572.29852009334 1080.64767674198 304.833224836059 130.04584942305 427.49728671549 127.637194886032 36.7246399828334 1474.88161340873 344.454672231317 157.692628832986 23083.4864338513 12607.2533405933 8268.73256440743 13229.0339310192 6772.65178744326 4276.26489354729 6797.12313159038 3654.07976012881 2425.54375881555 4062.4996972225 2241.30452534475 1471.21327539646 0.802368474826277 1562.87011555643 1082.78219032433
22016.0827403353 10752.1457370172 6934.15455013797 32643.0169414801 17033.7485040457 11513.1627017434 1242.68884180341 360.049550115866 152.650084031398 493.161512575463 148.50230754073 44.6067314408203 1888.46666936089 405.745604350811 188.17159526725 36869.1027937559 21137.7681035029 14031.9425459118 20205.0113157873 10532.6506626658 6718.40976398211 11725.1416866407 6333.81981214466 4232.62539639832 8123.46431580514 4529.74250234563 2991.86236728396 1.63963408264397 3793.94831207941 2506.35240198577
18006.1727047006 12219.5631640476 9007.88446877196 278.141181955931 110.753535610061 68.8493111680693 6.14456840777517 0.488807774583614 0.0358683101098063 1.24424536714682 0.157100744420069 0.0312371875577256 0.84523175906449 0.279095391268077 0.08898017372738 330.728562394663 58.1173926408402 25.1404102179687 12830.2352309681 5778.95328536314 3433.70902423875 6880.81779701793 4087.43697205385 2825.59846577876 3481.17896746213 1968.87247168621 1313.50847197183 0.25037286822802 1273.2396540536 901.41066613814
19509.0072547589 12568.6133574146 9008.17801700149 347.80152133441 143.579607750717 89.2896429333108 6.9150876250078 0.634343331493512 0.051636484686358 1.45777216720792 0.249009433147533 0.0340736081799494 1.03192739968536 0.343554200103447 0.117779392807964 542.99805570459 91.0100892364015 34.5841453649413 25561.3217240479 12314.696815062 7588.74156009431 12269.6040796428 7420.24781105092 5204.97941515916 7893.71347151631 4469.07782736086 2989.46036522537 0.590831186279152 3664.01265539187 2473.78173376647
502.357066224178 286.183347283133 203.927061154349 0.00446542462083099 2.29295046692414e-05 4.12777708192684e-05 0 0 0 0 0 0 0 0 0 0.00538139276024952 0 0 1.87165724305795 0.58345918689957 0.3247576719568 3872.01197980152 1142.11027970303 495.640127578987 3998.24465653752 2412.52954124756 1660.42819777597 0.00743915972395683 1012.74389761596 813.622891577193
621.265333512831 363.010316567282 261.937717748876 0.00572716405472868 3.4637819122462e-05 6.24233190512739e-05 0 0 0 0 0 0 0 0 0 0.00686226186623785 0 0 2.43649674979137 0.767657583015007 0.444700382542906 8869.56916889832 2889.14868452789 1344.38226201061 8802.45740306208 5505.24665844837 3865.43357388987 0.0167675411059912 2053.25281069364 1678.7905380106
